/**:
  ros__parameters:
    pid:
      mass: 40.89
      inertial:
        ixx: 1.19804
        ixy: 0
        ixz: 0.00124
        iyy: 2.36173
        iyz: 0
        izz: 3.04999
